1 -2.44262 5.84042 0
2 -2.86655 6.70986 0
3 -3.46879 7.2293 0
4 -4.16349 7.61293 0
5 -4.42717 8.21086 0
6 -4.59754 9.06085 0
7 -4.65535 9.98962 0
8 -4.72241 11.132 0
9 -4.73332 12.331 0
10 -4.59558 13.6072 0
11 -4.84925 14.6824 0
12 -4.80099 15.8045 0
13 -4.82421 16.7982 0
14 -4.71153 17.6371 0
15 -4.50191 18.4074 0
16 -4.14472 19.4273 0
17 -3.95389 20.3189 0
18 -4.07418 20.9081 0
19 -3.76305 21.9612 0
20 -3.46873 23.2156 0
21 -3.36023 24.4688 0
22 -3.04671 25.5629 0
23 -2.88793 26.6763 0
24 -2.73469 27.5148 0
25 -2.72883 28.5493 0
26 -2.60509 29.3122 0
27 -2.57024 30.4133 0
28 -2.32059 31.5316 0
29 -1.96314 32.7961 0
30 -1.66701 33.888 0
31 -1.66461 34.3366 0
32 -1.49715 35.4684 0
33 -1.49759 36.8763 0
34 -1.25161 37.6291 0
35 -0.739191 38.3407 0
36 -0.200853 38.9379 0
37 0.23231 39.1923 0
38 0.646539 39.0405 0
39 1.17679 38.852 0
40 1.6946 38.098 0
41 1.71758 37.6156 0
42 1.48475 36.4254 0
43 1.24266 35.1136 0
44 1.1529 34.135 0
45 1.16339 32.8904 0
46 1.20936 32.0031 0
47 1.35512 30.9428 0
48 1.40765 29.5882 0
49 1.38077 28.8924 0
50 1.00505 27.8226 0
51 0.628275 26.9053 0
52 0.335184 26.1508 0
53 -0.0132812 25.3595 0
54 -0.432818 24.5026 0
55 -0.988192 23.2267 0
56 -1.40495 22.04 0
57 -1.74588 21.159 0
58 -2.10229 20.0396 0
59 -2.23489 18.8751 0
60 -2.3052 18.166 0
61 -2.65286 17.348 0
62 -3.04897 16.5945 0
63 -3.27315 15.7121 0
64 -3.88907 14.8972 0
65 -4.26647 14.1411 0
66 -4.77122 13.9031 0
67 -5.21782 13.6942 0
68 -5.76809 13.7607 0
69 -6.43788 13.884 0
70 -6.86506 13.9334 0
71 -7.39066 14.0228 0
72 -8.54353 14.1106 0
73 -9.78023 14.2757 0
74 -11.1962 14.4468 0
75 -12.7067 14.5839 0
76 -14.1905 14.6498 0
77 -15.5469 14.8623 0
78 -16.7658 15.0584 0
79 -17.754 15.1199 0
80 -18.4834 15.2512 0
81 -19.4595 15.278 0
82 -20.5916 15.3998 0
83 -21.4588 15.3612 0
84 -22.1522 15.7568 0
85 -22.931 16.2291 0
86 -23.3786 16.7061 0
87 -23.548 17.6499 0
88 -23.3624 18.4081 0
89 -22.9571 19.0092 0
90 -22.9814 20.0035 0
91 -23.4577 20.6429 0
92 -24.0218 21.2681 0
93 -24.8356 21.4811 0
94 -25.5512 21.7718 0
95 -26.3134 22.0836 0
96 -27.1947 21.7361 0
97 -27.9491 21.1983 0
98 -28.9169 20.7907 0
99 -29.7404 20.2614 0
100 -30.5437 19.5957 0
101 -31.2591 18.9512 0
102 -31.7708 18.291 0
103 -32.4581 17.3603 0
104 -33.1552 16.7366 0
105 -33.9582 15.9336 0
106 -34.8235 15.7294 0
107 -35.402 15.9299 0
108 -36.054 16.6771 0
109 -36.4205 17.6679 0
110 -36.7683 18.6402 0
111 -37.2159 19.9003 0
112 -37.6478 21.0624 0
113 -37.9726 22.0636 0
114 -37.9002 23.1793 0
115 -37.8528 24.3508 0
116 -37.9349 25.3048 0
117 -38.0096 26.1737 0
118 -38.1551 26.8131 0
119 -37.9056 27.7277 0
120 -37.6848 28.2273 0
121 -37.4662 28.5459 0
122 -36.9738 28.104 0
123 -35.8393 28.0818 0
124 -34.7881 27.4698 0
125 -34.1233 26.7083 0
126 -33.4503 25.803 0
127 -32.977 24.9026 0
128 -32.3777 23.711 0
129 -31.8309 22.5635 0
130 -31.3636 21.2231 0
131 -30.9217 20.4806 0
132 -30.5823 20.2959 0
133 -29.3034 20.031 0
134 -28.354 20.2591 0
135 -27.521 20.5448 0
136 -27.0968 21.3657 0
137 -26.8281 22.1342 0
138 -26.7571 22.9811 0
139 -26.5169 24.061 0
140 -26.0222 25.0775 0
141 -25.5608 26.2249 0
142 -25.0817 27.2849 0
143 -24.4066 28.3488 0
144 -23.8455 29.333 0
145 -23.092 30.0806 0
146 -22.6636 31.0304 0
147 -22.2533 32.0556 0
148 -22.0409 33.0233 0
149 -21.8837 33.8774 0
150 -21.3624 34.9796 0
151 -20.5949 36.1546 0
152 -19.8339 37.5566 0
153 -19.3148 38.542 0
154 -18.6701 39.9221 0
155 -18.181 41.2392 0
156 -17.764 42.5082 0
157 -17.5227 43.4204 0
158 -17.0215 44.5468 0
159 -16.5374 45.7369 0
160 -16.1358 46.8147 0
161 -15.8364 48.0807 0
162 -15.5782 49.1504 0
163 -15.3282 49.7664 0
164 -15.2445 50.1661 0
165 -15.0289 50.157 0
166 -15.0563 49.9945 0
167 -14.4427 49.3708 0
168 -13.9353 48.4262 0
169 -13.8902 47.2658 0
170 -14.2437 46.2122 0
171 -14.488 45.3251 0
172 -14.8414 44.1198 0
173 -15.2691 42.9757 0
174 -15.6192 41.7763 0
175 -15.8525 40.8736 0
176 -16.0912 40.0234 0
177 -16.5593 38.751 0
178 -16.8785 37.8902 0
179 -17.0346 36.9765 0
180 -17.2849 35.9929 0
181 -17.8551 35.2707 0
182 -18.2061 34.3983 0
183 -18.4238 33.7466 0
184 -18.5187 32.9295 0
185 -18.6283 31.6184 0
186 -18.9321 30.6825 0
187 -19.012 29.4348 0
188 -19.3467 28.2061 0
189 -19.672 26.9789 0
190 -20.1444 26.0933 0
191 -20.4961 25.1954 0
192 -20.838 23.9375 0
193 -20.7882 22.6231 0
194 -20.7385 21.522 0
195 -20.9356 20.4072 0
196 -21.1196 19.3481 0
197 -21.157 18.6769 0
198 -21.3124 17.8644 0
199 -21.5488 17.0256 0
200 -21.6502 15.8448 0
201 -21.7239 14.6209 0
202 -21.9345 13.4768 0
203 -21.8756 12.6205 0
204 -21.1212 11.6021 0
205 -20.6414 10.8242 0
206 -19.7315 10.1918 0
207 -19.4192 9.63048 0
208 -18.5101 9.34567 0
209 -17.4297 9.24269 0
210 -16.0376 9.20451 0
211 -14.6668 9.07609 0
212 -13.4829 8.9892 0
213 -12.1785 8.79524 0
214 -10.8887 8.58502 0
215 -9.61649 8.0492 0
216 -8.2832 7.64824 0
217 -7.20748 7.38103 0
218 -6.30425 6.86752 0
219 -5.21607 6.31235 0
220 -4.54755 5.56069 0
221 -4.53762 4.72364 0
222 -4.09278 3.76691 0
223 -3.23104 3.02818 0
224 -2.36809 2.29706 0
225 -1.56035 1.69301 0
226 -0.742626 0.89281 0
227 -0.264961 0.679674 0
